Tabela 1 – Óbitos por doença de Alzheimer, segundo variáveis demográficas e regiões geográficas, Brasil, 2016-2021
Região	     Geral na (%b)	Feminino na (%b)	Masculino na (%b)	60-69 na (%b)	70-79 na (%b)	80 ou mais na (%b)
Norte	     3.588 (2,7)	2.172 (1,7)	        1.416 (1,1)	        153 (0,1)	809 (0,6)	2.602 (2,0)
Nordeste     24.826  (18,9)	15.813 (12,0)	        9.013 (6,9)	        870 (0,7)	4.813 (3,7)	19.019 (14,5)
Centro-Oeste 8.286 (6,3)	4.958 (3,8)	        3.328 (2,5)	        343 (0,3)	1.721 (1,3)	6.181 (4,7)
Sudeste	     67.955 (51,7)	44.536 (33,9)	        23.419 (17,8)	        2.392 (1,8)	12.369 (9,4)	52.919 (40,3)
Sul	     26.727 (20,3)	17.401 (13,2)	        9.326 (7,1)	        1.006 (0,8)	5.483 (4,2)	20.108 (15,3)
Total 	     131.382 (100)	84.880 (64,6)	        46.502 (35,4)	        4.764 (3,6)	25.195 (19,2)	100.830 (76,8)
Nota:  a n: número absoluto de óbitos; b %: porcentagem de óbitos calculada em relação ao total geral de óbitos do estudo (N = 131.382)

Tabela 2 — Taxas de mortalidade média por doença de Alzheimer, segundo variáveis demográficas e regiões geográficas, Brasil, 2016-2021
Região	     Geral a	Feminino a	Masculino a	60-69 a 	70-79 a	     80 ou mais a
Norte	     3,3	4,0	        2,6	        2,7	        29,0	     212,6
Nordeste     7,4	9,1	        7,1	        3,8	        36,1	     281,9
Centro-Oeste 8,5	10,1	        6,9	        5,2	        52,7	     442,5
Sudeste      12,9	16,5	        9,2	        5,3	        52,8	     466,1
Sul          14,8	18,9	        10,6	        6,3	        66,1	     548,4
Total        10,7	13,3	        7,6	        4,9	        49,3	     413,7
Nota: a TMM: Taxa de Mortalidade Média, calculada por 100.000 habitantes

Tabela 3 — Taxas de mortalidade média e variação percentual anual da mortalidade por doença de Alzheimer, segundo Unidades da Federação, sexo e faixa etária, Brasil, 2016-2021
Unidades da Federação
/Região	               Faixa Etária	TMM a (Fem)	VPA b (IC95% c ) (Fem)	p-valor (Fem)	TMM a (Masc)	VPA b (IC95% c ) (Masc)	  p-valor (Masc)
Norte	               60-69	        2,68	        1,4(-9,3;13,3)	        0,755	        2,75	        1,4(-9,4;13,3)	          0,756
	               70-79	        27,88	        4,0(-4,4;13,1)	        0,268	        30,13	        5,9(2,3;9,6)              0,010d
	               80 ou mais	173,93	        6,1(-4,1;17,4)	        0,179	        243,63	        5,5(2,3;8,7)              0,008d
Acre                   60-69	        0	        -4,3(-4,6; -3,9)	<0,001d	        0	        -3,8(-4,0; -3,5)          <0,001d
                       70-79	        21,52	        -16,9(-42,4;19,8)	0,233	        23,55	        12,7(-30,4;82,6)	  0,530
                       80 ou mais	190,17	        -10,5(-18,6; -1,7)	0,031d    	114,41	        -14,8(-25,9; -2,1)	  0,033d
Amapá                  60-69	        5,63	        -45,6(-91,8;262,9)	0,424	        4,89	        220,8(1,8;911,5)	  0,048d
                       70-79	        29,79	        7,4(-18,8;42,1)	        0,518	        23,20	        -34,6(-85,7;198,3)	  0,481
                       80 ou mais	174,59	        17,0(-7,9;48,4)	        0,143	        192,16	        14,0(-5,9;38,0)	          0,132
Amazonas               60-69	        3,36	        -6,0(-22,4;13,7)	0,416	        1,98	        1,8(-31,6;514)	          0,906
                       70-79	        35,58	        16,7(0,1;35,9)	        0,049d	        34,44	        18,8(5,2;34,2)	          0,017d
                       80 ou mais	273,90	        6,5(2,0;11,2)	        0,016d	        170,23	        16,7(-1,1;37,7)	          0,060
Pará	               60-69     	2,58	        2,5(-11,0;17,9)	        0,656	        2,53	        -0,2(-19,1;23,0)	  0,977
	               70-79    	24,24   	4,9(-11,1;23,9)  	0,466   	25,02   	7,1(-1,3;16,2)      	  0,079
	               80 ou mais	235,74   	6,9(-7,0;22,8)   	0,254   	162,62  	4,1(-7,0;16,7)  	  0,380
Rondônia      	       60-69    	3,08    	249,4(20,9;909,5)    	0,031d   	5,39    	-0,5(-34,6;51,1)	  0,973
	               70-79    	47,08    	0,7(-21,7;29,3)   	0,945   	34,39   	3,6(-20,4;34,7)  	  0730
	               80 ou mais	289,46   	5,6(-10,8;24,9)  	0,420   	268,50  	-2,1(-18,1;17,1)	  0,762
Roraima	               60-69    	3,84    	37,8(-77,0;727,3)	0,645   	5,18    	-67,0(-87,7; -11,5)	  0,036d
	               70-79     	45,99     	-6,1(-37,0;39,8)	0,682   	31,47   	-36,3(-86,6;202,2)	  0,466
	               80 ou mais	254,74  	-7,9(-32,5;25,6)	0,501   	130,34  	-1,0(-41,6;67,5)	  0,959
Tocantins	       60-69    	1,84    	36,7(-81,6;917,6)	0,688   	1,77    	-21,1(-87,2;387,0)	  0,736
	               70-79    	31,87   	-9,5(-21,7;4,6) 	0,129   	25,39   	-7,5(20,3;7,4)  	  0,220
	               80 ou mais	227,25   	9,3(-9,2;31,5)  	0,254   	167,67  	9,2(-10,3;33,0)  	  0,283
Nordeste	       60-69	        3,47    	1,1(-5,5;8,1)   	0,687           4,25    	0,9(-7,3;10,0)  	  0,775
	               70-79    	35,80    	6,2(2,2;10,2)   	0,012d   	36,65   	4,6(-0,4;9,9)   	  0,064
	               80 ou mais	311,18   	7,7(5,3;10,0)   	0,001d  	237,52   	8,1(6,1;10,3)   	  <0,001d
Alagoas	               60-69    	3,14    	-11,7(-27,8;7,9)	0,160    	3,95      	-12,3(-30,0;9,6)	  0,178
	               70-79      	30,74    	7,07(-4,8;20,4)  	0,182   	30,94   	4,1(-7,2;16,9)   	  0,385
	               80 ou mais	268,88   	7,6(2,7;12,6)   	0,012d   	214,48   	12,2(-2,5;28,9) 	  0,084
Bahia	               60-69    	2,21    	-2,5(-16,4;13,8)	0,674   	3,44    	20,4(-7,0;11,7) 	  0,605
	               70-79    	26,86   	10,5(0,0;22,0)   	0,050   	28,81   	3,0(-11,6;20,0) 	  0,621
	               80 ou mais	242,06   	11,6(10,2;13,0)   	<0,001d  	186,79   	13,8(8,8;19,0)  	  0,001d
Ceará	               60-69    	4,05    	-4,9(-17,0;9,0)  	0,363   	5,11    	1,5(-14,8;20,9)  	  0,826
	               70-79    	45,94   	5,5(-0,4;11,7)  	0,061   	40,13   	7,8(-5,5;23,0)  	  0,187
	               80 ou mais	414,28   	8,1(6,1;10,2)   	<0,001d  	291,20   	6,8(3,4;10,3)   	  0,005d
Maranhão	       60-69    	2,44    	7,8(-22,7;50,1)  	0,565   	3,05    	-4,0(-28,0;28,2)	  0,716
	               70-79    	19,82    	7,4(-6,5;23,4)  	0,223   	22,20   	0,9(-17,1;22,8) 	  0,910
	               80 ou mais	168,15   	10,5(0,5;21,5)  	0,043d   	128,87  	12,2(-1,1;27,4) 	  0,065
Paraíba	               60-69    	4,00    	13,0(-7,6;38,1)  	0,166   	4,27    	3,4(-27,9;48,3) 	  0,808
	               70-79    	41,39    	4,4(-7,0;17,1)  	0,360   	45,54   	7,8(-5,2;22,5)  	  0,179
	               80 ou mais	343,70    	4,2(-2,6;11,4)  	0,162   	288,97   	6,9(4,6;9,2)    	  0,001d
Piauí	               60-69    	2,50    	19,8(-18,5;76,2)	0,264   	3,34    	19,6(-22,4;84,2)	  0,315
	               70-79    	29,87    	4,3(-3,3;12,5)  	0,203   	34,34   	8,5(0,9;16,7)   	  0,035d
	               80 ou mais	228,93   	5,9(-2,8;15,3)  	0,135   	200,75   	8,8(0,2;18,1)   	  0,047d
Pernambuco	       60-69    	4,96    	2,1(-9,1;14,6)  	0,646   	5,27    	5,2(-19,4;37,4) 	  0,622
	               70-79    	46,39    	5,9(-2.66;15.26)	0,131   	49,77   	5,3(-5,4;17,2)   	  0,250
	               80 ou mais	372,25   	7,0(3,1;11,2)   	0,008d  	286,99   	3,4(-0,6;7,6)   	  0,080
Rio Grande do Norte    60-69    	4,48    	-0,3(-31,2;44,3)	0,981   	4,83    	-17,0(-28,1; -4,2)	  0,022d
	               70-79    	44,70   	3,2(-4,6;11,7)  	0,329   	46,93   	5,2(-17,1;33,6)  	  0,587
	               80 ou mais	410,71   	0,8(-5,0;6,8)   	0,734   	340,63   	5,2(0,0;10,6)   	  0,049d
Sergipe	               60-69    	4,65    	23,8(-14,9;80,2)	0,189   	6,34    	19,6(-27,5;97,2)	  0,377
	               70-79    	34,93   	1,5(-10,1;14,6) 	0,751   	42,36   	-3,1(-11,8;6,6) 	  0,415
	               80 ou mais	365,61  	8,9(1,9;16,4)   	0,023d  	292,78   	11,4(2,2;21,4)  	  0,025d
Centro-Oeste	       60-69    	5,07    	3,1(-11,9;20,7) 	0,619   	5,48    	8,3(-5,0;23,5)  	  0,166
	               70-79    	51,53   	-0,2(-4,5;4,3)  	0,892   	54,27   	2,8(-9,8;17,2)  	  0,588
	               80 ou mais	489,38  	2,9(-1,9;8,0)   	0,170   	381,50  	4,4(-2,8;12,2)  	  0,165
Goiás	               60-69    	5,44    	-0,1(-20,6;25,6)	0,990   	5,72    	21,4(-9,4;62,6) 	  0,140
	               70-79    	52,39    	4,6(-2,7;12,9)  	0,232   	54,17   	4,8(-2,7;12,9)  	  0,152
	               80 ou mais	466,62   	4,4(-3,0;12,3)  	0,174   	365,45   	8,7(2,1;15,7)   	  0,020d
Mato Grosso	       60-69    	3,84    	154,7(-27,9;841,2)	0,118   	5,88    	-5,3(-19,2;11,1)	  0,396
	               70-79    	51,72   	-3,8(-22,8;20,0)	0,653   	52,90   	-2,4(-21,1;20,7)	  0,764
	               80 ou mais	399,93   	7,6(3,6;11,7)   	0,006d  	317,53  	5,2(-9,8;22,8)  	  0,411
Mato Grosso do Sul     60-69    	5,47    	1,1(-25,6;37,2) 	0,928   	4,89    	21,4(-1,3;49,3) 	  0,060
	               70-79    	52,37   	0,5(-9,1;11,2)  	0,894   	50,63   	10,4(-5,7;29,3) 	  0,158
	               80 ou mais	481,11   	2,8(-2,4;8,2)   	0,208   	366,10  	-0,6(-9,2;8,8)  	  0,862
Distrito Federal       60-69    	4,91    	-3,0(-30,9;36,1)	0,813   	4,91    	-13,8(-33,1;11,1)	  0,180
	               70-79    	48,48   	-10,0(-17,0; -2,4)	0,023d  	61,27   	-2,8(-25,4;26,7)	  0,784
	               80 ou mais	631,15  	-1,9(-12,3;9,6) 	0,654   	537,10  	-0,4(-7,7;7,4)  	  0,883
Sudeste	               60-69    	4,82    	1,2(-5,0;7,8)   	0,617   	5,97    	4,3(1,1;7,6)    	  0,020d
	               70-79    	51,08   	2,0(-0,3;4,3)   	0,073   	55,22   	0,9(-2,3;4,2)   	  0,499
	               80 ou mais	504,72  	2,4(0,9;4,0)    	0,011d   	399,08  	1,6(-0,6;3,9)   	  0,117
Espírito Santo	       60-69    	7,00    	-13,2(-19,6; -6,2)	0,007d   	8,35    	3,0(-12,1;20,7) 	  0,634
	               70-79    	72,45   	5,1(-6,5;18,1)  	0,305   	76,28   	5,9(-2,1;14,6)  	  0,113
	               80 ou mais	720,20  	5,6(0,8;10,5)   	0,032d  	589,92  	3,1(-1,9; -7,7) 	  0,166
Minas Gerais	       60-69    	4,53    	-1,2(-10,4;9,0)  	0,745   	5,63    	9,6(2,7;16,9)   	  0,017d
	               70-79    	46,56    	0,4(-7,3;8,8)   	0,896   	48,22   	0,9(-3,6;5,6)   	  0,627
	               80 ou mais	460,54   	4,0(1,5;6,6)    	0,011d  	364,37  	4,7(1,3;8,2)    	  0,018d
Rio de Janeiro	       60-69    	4,85    	-3,0(-11,0;5,8)  	0,389   	5,92    	2,3(-6,4;11,9)  	  0,520
	               70-79    	48,73    	-1,6(-6,5;3,6)  	0,437   	49,11   	-1,6(-5,3;2,1)  	  0,296
	               80 ou mais	423,75   	0,9(-1,5;3,4)   	0,367   	327,22   	-1,8(-3,6;0,1)  	  0,061
São Paulo	       60-69    	4,77    	6,3(-1,8;15,0)  	0,098   	5,98    	2,9(-1,5;7,6)   	  0,143
	               70-79    	52,60   	37,7(-14,4;121,4)	0,135   	59,54   	1,1(-3,9;6,3)   	  0,589
	               80 ou mais	545,84   	2,1(0,1;4,1)    	0,041d   	430,13   	1,0(-1,1;3,3)   	  0,259
Sul	               60-69    	6,08    	0,6(8,2;9,6)    	0,848   	6,67    	4,4(-8,2;18,9)  	  0,404
	               70-79    	65,30   	0,2(-2,7;3,2)   	0,859   	67,13   	-0,2(-3,3;3,1)  	  0,871
	               80 ou mais	596,75  	2,9(0,0;5,9)    	0,048d   	466,43  	1,7(-1,1;4,6)   	  0,166
Paraná	               60-69    	5,61    	-1,7(-15,5;14,5)	0,777   	6,24    	1,5(-13,4;18,9) 	  0,811
	               70-79    	59,55   	-1,8(-5,5;2,2)   	0,273   	66,25   	-0,7(-7,8;7,0)   	  0,811
	               80 ou mais	595,49   	3,2(0,6;6,0)    	0,027d  	462,20   	1,9(-1,2;5,1)   	  0,171
Rio Grande do Sul      60-69    	6,98    	0,4(-12,3;14,9) 	0,938   	7,88    	6,8(-11,6;28,9) 	  0,390
	               70-79    	71,60   	2,3(-5,3;10,4)   	0,464   	73,44   	0,1(-3,4;3,8)   	  0,934
	               80 ou mais	613,42   	3,2(-0,7;7,3)   	0,087   	478,23   	2,6(-1,7;7,0)   	  0,168
Santa Catarina	       60-69    	5,13    	4,1(-11,7;22,8)  	0,532   	5,10    	4,1(-4,2;13,1)   	  0,256
	               70-79    	61,81    	-1,1(-5,3;3,4)   	0,536   	56,40   	-0,5(-8,8;8,6)  	  0,878
	               80 ou mais	560,27  	1,9(-2,4;6,2)   	0,294   	449,78  	-0,6(-5,6;4,7)  	  0,754
Nota: a TMM: Taxa de Mortalidade Média (por 100.000 habitantes); b VPA: Variação Percentual Anual; c IC95%: Intervalo de Confiança de 95%; d representa um p-valor estatisticamente significativo (p-valor < 0,05) 
